motors:on

config:motor 0 256 8
config:motor 1 256 8
config:motor 2 256 8
config:motor 3 256 16
config:motor 4 256 8
config:motor 5 256 8
config:motor 6 256 8

config:endstop:init_duration 400
config:homing:threshold 3000 3050 3050 3200 3300 30000
config:homing:scan 50 0 73300775 0 0
config:homing:clear 30000 0 73300775 0 0
config:homing:fine 1 0 73300775 0 0
# 10 RPM
# config:interactive:big_step 3839 0 0 52776 0 23039 0 1319413953 0 0 3840 0 1319413953 4294914520 0
# 180 RPM
config:interactive:big_step 3839 0 0 52776 0 8000 0 1319413953 0 0 3840 0 1319413953 4294914520 0
tick:on

homing:up
[ wait for completion ]

config:kinematics:slider:zero 0 -300 -27 -165.6
config:kinematics:slider:zero 1 -200 -27 -75.6
config:kinematics:slider:zero 2 -100 -27 -119.5
config:kinematics:slider:zero 3 0 -27 -150.3
config:kinematics:slider:zero 4 100 -27 -119.5
config:kinematics:slider:zero 5 200 -27 -75.6
config:kinematics:slider:zero 6 300 -27 -165.6

config:kinematics:slider:up 0 0 0 0.0000341796875
config:kinematics:slider:up 1 0 0 0.0000341796875
config:kinematics:slider:up 2 0 0 0.0000341796875
config:kinematics:slider:up 3 0 0 0.0000341796875
config:kinematics:slider:up 4 0 0 0.0000341796875
config:kinematics:slider:up 5 0 0 0.0000341796875
config:kinematics:slider:up 6 0 0 0.0000341796875

config:kinematics:limit:upper 0 6000000
config:kinematics:limit:upper 1 6000000
config:kinematics:limit:upper 2 6000000
config:kinematics:limit:upper 3 6000000
config:kinematics:limit:upper 4 6000000
config:kinematics:limit:upper 5 6000000
config:kinematics:limit:upper 6 6000000

config:kinematics:limit:lower 0 -18000000
config:kinematics:limit:lower 1 -18000000
config:kinematics:limit:lower 2 -18000000
config:kinematics:limit:lower 3 -18000000
config:kinematics:limit:lower 4 -18000000
config:kinematics:limit:lower 5 -18000000
config:kinematics:limit:lower 6 -18000000

config:kinematics:limit:force 0 30
config:kinematics:limit:force 1 30
config:kinematics:limit:force 2 30
config:kinematics:limit:force 3 30
config:kinematics:limit:force 4 30
config:kinematics:limit:force 5 30
config:kinematics:limit:force 6 30

config:kinematics:attachment 0 -200 -35 -40
config:kinematics:attachment 1 -175 -35 40
config:kinematics:attachment 2 -95 -85.61 -45
config:kinematics:attachment 3 0 -33.0 -35
config:kinematics:attachment 4 95 -85.61 -45
config:kinematics:attachment 5 175 -35 40
config:kinematics:attachment 6 200 -35 -40

config:kinematics:strut:backslash 0 0.9
config:kinematics:strut:backslash 1 0.9
config:kinematics:strut:backslash 2 0.9
config:kinematics:strut:backslash 3 0.9
config:kinematics:strut:backslash 4 0.9
config:kinematics:strut:backslash 5 0.9
config:kinematics:strut:backslash 6 0.9

config:kinematics:strut:elasticity 0 0.5
config:kinematics:strut:elasticity 1 0.5
config:kinematics:strut:elasticity 2 0.5
config:kinematics:strut:elasticity 3 0.5
config:kinematics:strut:elasticity 4 0.5
config:kinematics:strut:elasticity 5 0.5
config:kinematics:strut:elasticity 6 0.5

config:kinematics:center_of_mass 0 5 -10 10

config:kinematics:strut 0 482.52
config:kinematics:strut 1 482.52
config:kinematics:strut 2 516
config:kinematics:strut 3 482.52
config:kinematics:strut 4 516
config:kinematics:strut 5 482.52
config:kinematics:strut 6 482.52

config:kinematics:interval 0.05
# config:kinematics:limit:steps_per_second 51200
config:kinematics:limit:steps_per_second 20000

kinematics:zero 0 75 -590 1 0 0 0

config:motor 0 256 16
config:motor 1 256 16
config:motor 2 256 16
config:motor 3 256 16
config:motor 4 256 16
config:motor 5 256 16
config:motor 6 256 16

kinematics:again

config:kinematics:slider:zero 6 300 -27 -167.8

kinematics:again

# manual experiments

tool:speed:movement 1
tool:speed:rotation 0.3
tool:attached 0 30 -45 1 0 0 0

# # platform tilt 10 degrees
tool:move 0 105.0 -635 0.9961946980917455 -0.08715574274765817 0 0
# # and back
# tool:move 0 105.0 -635 1 0 0 0

# extend forward, 1cm
tool:move 0 115.0 -635 1 0 0 0

# extend forward, 5cm
tool:move 0 125.0 -635 1 0 0 0
tool:move 0 135.0 -635 1 0 0 0
tool:move 0 145.0 -635 1 0 0 0
tool:move 0 155.0 -635 1 0 0 0

# extend forward, another 5cm
tool:move 0 165.0 -635 1 0 0 0
tool:move 0 175.0 -635 1 0 0 0
tool:move 0 185.0 -635 1 0 0 0
tool:move 0 195.0 -635 1 0 0 0
tool:move 0 205.0 -635 1 0 0 0

config:kinematics:slider:zero 2 -100 -27 -118.5
config:kinematics:slider:zero 3 0 -27 -149.8
config:kinematics:slider:zero 4 100 -27 -120.5
config:kinematics:slider:zero 6 300 -27 -168.8

kinematics:again

# extend forward, another 5cm
tool:move 0 215.0 -635 1 0 0 0
tool:move 0 225.0 -635 1 0 0 0
tool:move 0 235.0 -635 1 0 0 0
tool:move 0 245.0 -635 1 0 0 0
tool:move 0 255.0 -635 1 0 0 0

# lower by 5cm
tool:move 0 255.0 -685 1 0 0 0

# reaching tablet
tool:move 0 255.0 -700 1 0 0 0
tool:move 0 255.0 -730 1 0 0 0
tool:move 0 255.0 -740 1 0 0 0
tool:move 0 255.0 -745 1 0 0 0
tool:move 0 260.0 -745 1 0 0 0
tool:move 0 260.0 -745.0 1 0 0 0
tool:move 0 260.0 -744.3 1 0 0 0
tool:move 0 260.0 -724.3 1 0 0 0

tool:move 0 260.0 -724.3 0.9990482215818578 0.043619387365336 0 0
tool:move 0 260.0 -734.3 0.9990482215818578 0.043619387365336 0 0
tool:move 0 260.0 -738.3 0.9990482215818578 0.043619387365336 0 0
tool:move 0 260.0 -740.3 0.9990482215818578 0.043619387365336 0 0
tool:move 0 260.5 -740.3 0.9990482215818578 0.043619387365336 0 0
tool:move 0 260.5 -741.3 0.9990482215818578 0.043619387365336 0 0
tool:move 0 260.5 -741.5 0.9990482215818578 0.043619387365336 0 0
tool:move 0 260.5 -741.6 0.9990482215818578 0.043619387365336 0 0
tool:move 0 260.5 -741.7 0.9990482215818578 0.043619387365336 0 0
tool:move 0 260.5 -741.8 0.9990482215818578 0.043619387365336 0 0
tool:move 0 260.5 -741.9 0.9990482215818578 0.043619387365336 0 0
tool:move 0 260.5 -742.1 0.9990482215818578 0.043619387365336 0 0
tool:move 0 260.5 -742.3 0.9990482215818578 0.043619387365336 0 0
tool:move 0 260.7 -742.3 0.9990482215818578 0.043619387365336 0 0
tool:move 0 260.7 -742.6 0.9990482215818578 0.043619387365336 0 0
tool:move 0 260.7 -742.9 0.9990482215818578 0.043619387365336 0 0
tool:move 0 260.7 -743.2 0.9990482215818578 0.043619387365336 0 0
tool:move 0 260.7 -743.5 0.9990482215818578 0.043619387365336 0 0
tool:move 0 260.7 -743.8 0.9990482215818578 0.043619387365336 0 0
tool:move 0 260.7 -744.0 0.9990482215818578 0.043619387365336 0 0
tool:move 0 260.7 -744.2 0.9990482215818578 0.043619387365336 0 0
tool:move 0 260.7 -744.4 0.9990482215818578 0.043619387365336 0 0
tool:move 0 260.7 -744.6 0.9990482215818578 0.043619387365336 0 0
tool:move 0 260.7 -744.8 0.9990482215818578 0.043619387365336 0 0
tool:move 0 260.7 -745.0 0.9990482215818578 0.043619387365336 0 0
tool:move 0 260.7 -745.2 0.9990482215818578 0.043619387365336 0 0
tool:move 0 260.7 -745.4 0.9990482215818578 0.043619387365336 0 0
tool:move 0 260.9 -725.4 0.9990482215818578 0.043619387365336 0 0
tool:move 0 260.9 -725.4 0.9986295347545738 0.05233595624294383 0 0
tool:move 0 260.9 -745.4 0.9986295347545738 0.05233595624294383 0 0
tool:move 0 261.1 -745.4 0.9986295347545738 0.05233595624294383 0 0
tool:move 0 261.3 -745.4 0.9986295347545738 0.05233595624294383 0 0
tool:move 0 261.3 -745.5 0.9986295347545738 0.05233595624294383 0 0
tool:move 0 261.3 -745.6 0.9986295347545738 0.05233595624294383 0 0
tool:move 0 261.3 -745.7 0.9986295347545738 0.05233595624294383 0 0
tool:move 0 261.3 -745.8 0.9986295347545738 0.05233595624294383 0 0
tool:move 0.1 261.3 -745.8 0.9986295347545738 0.05233595624294383 0 0
tool:move 0.2 261.3 -745.8 0.9986295347545738 0.05233595624294383 0 0
tool:move 0.3 261.3 -745.8 0.9986295347545738 0.05233595624294383 0 0
tool:move 0.3 261.3 -745.9 0.9986295347545738 0.05233595624294383 0 0
tool:move 0.3 261.3 -746.0 0.9986295347545738 0.05233595624294383 0 0
tool:move 0.3 261.3 -746.3 0.9986295347545738 0.05233595624294383 0 0
tool:move 0.3 261.3 -746.5 0.9986295347545738 0.05233595624294383 0 0
tool:move 0.3 261.3 -746.6 0.9986295347545738 0.05233595624294383 0 0
tool:move 0.3 261.3 -746.7 0.9986295347545738 0.05233595624294383 0 0
tool:move 0.3 261.5 -746.8 0.9986295347545738 0.05233595624294383 0 0
tool:move 0.3 261.5 -746.9 0.9986295347545738 0.05233595624294383 0 0
tool:move 0.3 261.5 -747.0 0.9986295347545738 0.05233595624294383 0 0
tool:move 0.3 261.5 -747.1 0.9986295347545738 0.05233595624294383 0 0
tool:move 0.3 261.5 -747.2 0.9986295347545738 0.05233595624294383 0 0
tool:move 0.3 261.5 -747.25 0.9986295347545738 0.05233595624294383 0 0
tool:move 0.3 261.5 -747.23 0.9986295347545738 0.05233595624294383 0 0
tool:move 0.3 261.4 -747.23 0.9986295347545738 0.05233595624294383 0 0

tool:move 0.35 261.4 -747.23 0.9986295347545738 0.05233595624294383 0 0
tool:move 0.35 261.4 -747.23 0.9986295347545738 0.05233595624294383 0 0
tool:move 0.35 261.4 -747.22 0.9986295347545738 0.05233595624294383 0 0

tool:speed:movement 0.1
tool:speed:rotation 0.1

tool:move 0.33 261.4 -747.22 0.9986295347545738 0.05233595624294383 0 0

tool:speed:movement 0.01
tool:move 0.30 261.4 -747.22 0.9986295347545738 0.05233595624294383 0 0

config:kinematics:strut:backslash 0 1.0
config:kinematics:strut:backslash 1 1.0
config:kinematics:strut:backslash 2 1.0
config:kinematics:strut:backslash 3 1.0
config:kinematics:strut:backslash 4 1.0
config:kinematics:strut:backslash 5 1.0
config:kinematics:strut:backslash 6 1.0
kinematics:again

tool:move 0.30 261.0 -747.22 0.9986295347545738 0.05233595624294383 0 0
tool:speed:movement 1
tool:move 0.30 260.0 -747.22 0.9986295347545738 0.05233595624294383 0 0
tool:move 0.30 259.0 -747.22 0.9986295347545738 0.05233595624294383 0 0
tool:move 0.30 258.5 -747.22 0.9986295347545738 0.05233595624294383 0 0
tool:move 0.30 258.5 -748.22 0.9986295347545738 0.05233595624294383 0 0
tool:move 0.30 258.5 -748.7 0.9986295347545738 0.05233595624294383 0 0
tool:move 0.30 258.5 -748.8 0.9986295347545738 0.05233595624294383 0 0
tool:move 0.30 258.5 -748.9 0.9986295347545738 0.05233595624294383 0 0

tool:speed:movement 0.1
tool:move 0.30 258.7 -748.836 0.9986295347545738 0.05233595624294383 0 0
tool:move 0.30 258.7 -748.834 0.9986295347545738 0.05233595624294383 0 0

tool:speed:movement 0.01
tool:move 0.300 258.7 -748.834 0.9986295347545738 0.05233595624294383 0 0
tool:move 0.305 258.7 -748.834 0.9986295347545738 0.05233595624294383 0 0
tool:move 0.3 258.7 -748.834 0.9986295347545738 0.05233595624294383 0 0
tool:move 0.2 258.7 -748.834 0.9986295347545738 0.05233595624294383 0 0
tool:move 0.3 258.7 -748.834 0.9986295347545738 0.05233595624294383 0 0
tool:move 0.35 258.7 -748.834 0.9986295347545738 0.05233595624294383 0 0
tool:move 0.4 258.7 -748.834 0.9986295347545738 0.05233595624294383 0 0
tool:move 0.35 258.7 -748.834 0.9986295347545738 0.05233595624294383 0 0
tool:move 0.4 258.7 -748.834 0.9986295347545738 0.05233595624294383 0 0
tool:move 0.3 258.7 -748.834 0.9986295347545738 0.05233595624294383 0 0
tool:move 0.5 258.7 -748.834 0.9986295347545738 0.05233595624294383 0 0
tool:move 0.4 258.7 -748.834 0.9986295347545738 0.05233595624294383 0 0
tool:move 0.35 258.7 -748.834 0.9986295347545738 0.05233595624294383 0 0
tool:move 0.4 258.7 -748.834 0.9986295347545738 0.05233595624294383 0 0

tool:move 0.4 258.8 -748.834 0.9986295347545738 0.05233595624294383 0 0
tool:move 0.4 258.85 -748.834 0.9986295347545738 0.05233595624294383 0 0
tool:move 0.4 258.9 -748.830 0.9986295347545738 0.05233595624294383 0 0
tool:move 0.4 258.9 -748.825 0.9986295347545738 0.05233595624294383 0 0
tool:move 0.4 258.9 -748.824 0.9986295347545738 0.05233595624294383 0 0
tool:move 0.4 258.9 -748.822 0.9986295347545738 0.05233595624294383 0 0
tool:move 0.4 258.9 -748.820 0.9986295347545738 0.05233595624294383 0 0
tool:move 0.4 258.7 -748.820 0.9986295347545738 0.05233595624294383 0 0
tool:move 0.401 258.7 -748.820 0.9986295347545738 0.05233595624294383 0 0
tool:move 0.4 258.7 -748.820 0.9986295347545738 0.05233595624294383 0 0
tool:move 0.45 258.7 -748.820 0.9986295347545738 0.05233595624294383 0 0
tool:move 0.4 258.7 -748.820 0.9986295347545738 0.05233595624294383 0 0
tool:move 0.3 258.7 -748.820 0.9986295347545738 0.05233595624294383 0 0
tool:move 0.3 258.7 -748.821 0.9986295347545738 0.05233595624294383 0 0
tool:move 0.3 258.7 -748.817 0.9986295347545738 0.05233595624294383 0 0
tool:move 0.35 258.7 -748.817 0.9986295347545738 0.05233595624294383 0 0
tool:move 0.4 258.7 -748.817 0.9986295347545738 0.05233595624294383 0 0

tool:speed:movement 0.01
tool:move 0.4 258.7 -748.817 0.9986295347545738 0.05233595624294383 0 0
tool:move 0.8 258.7 -748.817 0.9986295347545738 0.05233595624294383 0 0
tool:move 0.4 258.7 -748.817 0.9986295347545738 0.05233595624294383 0 0
tool:move 0.8 258.7 -748.817 0.9986295347545738 0.05233595624294383 0 0
tool:move 0.8 258.7 -748.820 0.9986295347545738 0.05233595624294383 0 0
tool:move 0.8 258.7 -748.822 0.9986295347545738 0.05233595624294383 0 0
tool:move 0.4 258.7 -748.817 0.9986295347545738 0.05233595624294383 0 0

tool:speed:movement 1
tool:move 0.8 258.7 -748.822 0.9986295347545738 0.05233595624294383 0 0
tool:move 0.4 258.7 -748.817 0.9986295347545738 0.05233595624294383 0 0
tool:move 0.4 259.7 -748.817 0.9986295347545738 0.05233595624294383 0 0
tool:move 0.4 259.7 -748.81 0.9986295347545738 0.05233595624294383 0 0
tool:move 0.4 259.7 -748.805 0.9986295347545738 0.05233595624294383 0 0
tool:move 0.4 259.7 -748.800 0.9986295347545738 0.05233595624294383 0 0
tool:move 0.4 259.7 -748.785 0.9986295347545738 0.05233595624294383 0 0
tool:move 0.4 259.7 -748.765 0.9986295347545738 0.05233595624294383 0 0
tool:move 0.4 259.7 -748.745 0.9986295347545738 0.05233595624294383 0 0
tool:move 0.4 259.7 -748.705 0.9986295347545738 0.05233595624294383 0 0
tool:move 0.4 259.7 -748.685 0.9986295347545738 0.05233595624294383 0 0
tool:move 0.4 259.7 -748.665 0.9986295347545738 0.05233595624294383 0 0
tool:move 0.4 259.7 -748.655 0.9986295347545738 0.05233595624294383 0 0
tool:move 0.4 259.7 -748.635 0.9986295347545738 0.05233595624294383 0 0
tool:move 0.4 259.7 -748.625 0.9986295347545738 0.05233595624294383 0 0
tool:move 0.4 259.7 -748.615 0.9986295347545738 0.05233595624294383 0 0
tool:move 0.4 259.7 -748.605 0.9986295347545738 0.05233595624294383 0 0

tool:speed:movement 0.01
tool:move 0.4 260.7 -748.388 0.9986295347545738 0.05233595624294383 0 0
tool:move 0.401 260.7 -748.388 0.9986295347545738 0.05233595624294383 0 0
tool:move 0.402 260.7 -748.388 0.9986295347545738 0.05233595624294383 0 0
tool:move 0.403 260.7 -748.388 0.9986295347545738 0.05233595624294383 0 0
tool:move 0.404 260.7 -748.388 0.9986295347545738 0.05233595624294383 0 0
tool:move 0.405 260.7 -748.388 0.9986295347545738 0.05233595624294383 0 0
tool:move 0.406 260.7 -748.388 0.9986295347545738 0.05233595624294383 0 0
tool:move 0.407 260.7 -748.388 0.9986295347545738 0.05233595624294383 0 0
tool:move 0.408 260.7 -748.388 0.9986295347545738 0.05233595624294383 0 0
tool:move 0.409 260.7 -748.388 0.9986295347545738 0.05233595624294383 0 0

tool:speed:movement 1
tool:move 0.409 260.7 -648.388 0.9986295347545738 0.05233595624294383 0 0

tool:move 0.409 360.7 -648.388 0.9986295347545738 0.05233595624294383 0 0
tool:move 0.409 360.7 -700.388 0.9986295347545738 0.05233595624294383 0 0
tool:move 0.409 360.7 -740.388 0.9986295347545738 0.05233595624294383 0 0

tool:speed:movement 0.01
tool:move 0.659 360.7 -738.388 0.9986295347545738 0.05233595624294383 0 0

tool:move 0.659 360.7 -738.387 0.9986295347545738 0.05233595624294383 0 0
tool:move 0.659 360.9 -738.387 0.9986295347545738 0.05233595624294383 0 0
tool:move 0.659 361.0 -738.387 0.9986295347545738 0.05233595624294383 0 0
tool:move 0.659 361.0 -738.240 0.9986295347545738 0.05233595624294383 0 0

tool:speed:movement 1
tool:move 0.659 361.0 -680.140 0.9986295347545738 0.05233595624294383 0 0

config:kinematics:strut:backslash 0 0.0
config:kinematics:strut:backslash 1 0.0
config:kinematics:strut:backslash 2 0.0
config:kinematics:strut:backslash 3 0.0
config:kinematics:strut:backslash 4 0.0
config:kinematics:strut:backslash 5 0.0
config:kinematics:strut:backslash 6 0.0

